1106638162
5207357318
5246685936
2006649755
5185358909
5152208399
5103528073
5533087739
5229834740
1704588230
5383057997
5259391509
5122865191
1648159936
5341267264
5107188175
1728910735
5035428175
5221668476
5154026952
5162863842
532728315
5248198202
5247992875
1655015511
5247774887
5480038321
5293335894
5143488518
5154619325
1785869689
5228335156
1101486141
5009683420
5245953985
5059662504
5322409288
5247369934
5201436522
5052074412
1977733090
5148379263
5461214934
5257337778
1875955768
5522614181
1519426444
5492373663
1286844678
5268908080
5128647416
1626672403
